# Set containing cities numbered from 1 to n=25
set CITIES:= 1 2 3 4 5 6 7 8 9 10 11 12 13 14 15 16 17 18 19 20 21 22 23 24 25; 

#Time Quarters
set Q:= 1 2 3 4; 


# Distance Matrix ( Distance between city i and city j)
param d :	1	2	3	4	5	6	7	8	9	10	11	12	13	14	15	16	17	18	19	20	21	22	23	24	25:=
1	0.5	162.4885165	148.9426287	141.4861767	642.9947108	128.4995228	66.9216567	123.652829	180.0111787	528.6003097	296.8910638	184.547187	642.9325737	190.6366228	205.673801	702.14923	474.4167585	57.2904062	112.5924252	112.7166994	781.684718	219.343963	348.5269939	186.4734371	201.5727524
2	162.4885165	0.5	116.1342399	94.2619807	637.2780976	76.8014556	110.2933525	111.9089171	170.6284766	435.0839742	176.9664608	105.3223845	637.2159605	138.9385556	89.2288756	696.4326168	383.3237699	117.6255303	49.7718171	233.7597702	776.0302419	255.5077552	342.8725178	183.4908563	219.2196888
3	148.9426287	116.1342399	0.5	191.5065422	524.5613982	174.1081542	106.5651265	209.2156157	267.8730381	395.5647786	331.5635656	219.2196888	524.5613982	236.1831171	240.3463028	583.7780545	343.7424372	94.1998436	148.0727093	237.985093	663.3135425	352.8144538	602.9784184	280.7354178	106.5029894
4	141.4861767	94.2619807	191.5065422	0.5	685.7450356	21.6858479	93.4541984	17.2119767	89.7259724	510.9533733	227.8567457	115.5128689	685.6828985	74.0674232	136.70162	744.8995548	459.1310319	100.8485133	45.6086314	146.4571447	824.4971799	168.2051297	391.3394558	96.1260937	267.6866268
5	642.9947108	637.2780976	524.5613982	685.7450356	0.5	668.2845105	600.4307973	703.0812865	761.7387089	240.2220286	836.3032289	723.9593521	14.912904	730.0487879	1237.211798	74.1295603	273.5896513	599.2501924	652.0667274	731.9129009	153.7271854	846.6801246	305.093161	774.6010886	434.8354258
6	128.4995228	76.8014556	174.1081542	21.6858479	668.2845105	0.5	76.2422217	39.2706472	104.390328	493.6792595	210.644769	98.3008922	668.4709218	66.3002857	119.4275062	727.6875781	441.8569181	83.5743995	28.3345176	161.1215003	807.2230661	182.8694853	374.065342	110.7904493	250.412513
7	66.9216567	110.2933525	106.5651265	93.4541984	600.4307973	76.2422217	0.5	112.9652478	178.0849286	486.9684527	246.2493273	133.8433134	601.3007167	139.9948863	155.0320645	660.517373	432.7849015	13.1730652	61.9506887	134.216136	740.052861	256.5640859	306.8951369	184.4850499	183.2423079
8	123.652829	111.9089171	209.2156157	17.2119767	703.0812865	39.2706472	112.9652478	0.5	180.0111787	527.0468822	244.0123917	131.6685149	701.8385445	90.2230692	152.857266	761.0552008	475.2866779	117.0041593	61.7642774	129.6801277	840.6528259	151.4281127	407.4329647	79.3490767	283.7801357
9	180.0111787	170.6284766	267.8730381	89.7259724	761.7387089	104.390328	178.0849286	180.0111787	0.5	586.574224	203.3125912	91.962908	761.3037492	43.3716958	112.0953284	820.5204055	473.7332504	176.469364	121.2294821	141.9832735	900.1180306	141.051217	466.9603065	59.2787934	343.3074775
10	528.6003097	435.0839742	395.5647786	510.9533733	240.2220286	493.6792595	486.9684527	527.0468822	586.574224	0.5	649.3948321	537.0509553	240.2841657	555.0707143	558.2397064	299.500822	53.8728657	473.9817988	465.9661129	617.7670482	379.0984471	671.702051	190.9473083	599.623015	320.7517102
11	296.8910638	176.9664608	331.5635656	227.8567457	836.3032289	210.644769	246.2493273	244.0123917	203.3125912	649.3948321	0.5	115.9478286	836.4896402	163.2341617	100.1650052	895.7062965	598.1938617	251.655255	101.4077472	337.8394127	975.3039216	341.0705419	139.8706121	259.2981183	418.4312314
12	184.547187	105.3223845	219.2196888	115.5128689	723.9593521	98.3008922	133.8433134	131.6685149	91.962908	537.0509553	115.9478286	0.5	722.654473	56.2340755	25.6004852	781.8711293	484.3586945	137.7579507	72.8246812	230.8393265	861.4066173	234.0704557	428.2488932	152.235895	304.5960642
13	642.9325737	637.2159605	524.5613982	685.6828985	14.912904	668.4709218	601.3007167	701.8385445	761.3037492	240.2841657	836.4896402	722.654473	0.5	729.9245137	744.9616919	59.7758902	273.4653771	587.9412402	651.8803161	731.7264896	139.3113782	846.4937133	304.9067497	774.4768144	434.7111516
14	190.6366228	138.9385556	236.1831171	74.0674232	730.0487879	66.3002857	139.9948863	90.2230692	43.3716958	555.0707143	163.2341617	56.2340755	729.9245137	0.5	74.8752055	788.8926216	503.1240987	190.6366228	89.5395611	276.8207805	868.4281096	280.0519097	481.0654282	99.2329487	357.4125992
15	205.673801	89.2288756	240.3463028	136.70162	1237.211798	119.4275062	155.0320645	152.857266	112.0953284	558.2397064	100.1650052	25.6004852	744.9616919	74.8752055	0.5	804.2404853	506.7280505	160.1273067	95.1940372	246.3736015	883.8381104	249.6047307	450.6182492	167.8323071	349.3347762
16	702.14923	696.4326168	583.7780545	744.8995548	74.1295603	727.6875781	660.517373	761.0552008	820.5204055	299.500822	895.7062965	781.8711293	59.7758902	788.8926216	804.2404853	0.5	332.5577592	647.0336223	710.9726982	790.8188717	130.7364584	905.5860954	363.9991318	833.5691965	493.8035337
17	474.4167585	383.3237699	343.7424372	459.1310319	273.5896513	441.8569181	432.7849015	475.2866779	473.7332504	53.8728657	598.1938617	484.3586945	273.4653771	503.1240987	506.7280505	332.5577592	0.5	421.3516751	416.2564329	565.1369245	414.0194973	622.0545081	161.9914197	549.9754721	268.1215865
18	57.2904062	117.6255303	94.1998436	100.8485133	599.2501924	83.5743995	13.1730652	117.0041593	176.469364	473.9817988	251.655255	137.7579507	587.9412402	190.6366228	160.1273067	647.0336223	421.3516751	0.5	67.4187535	147.264927	730.6080218	262.0321507	297.3881606	190.0152518	173.7353316
19	112.5924252	49.7718171	148.0727093	45.6086314	652.0667274	28.3345176	61.9506887	61.7642774	121.2294821	465.9661129	101.4077472	72.8246812	651.8803161	89.5395611	95.1940372	710.9726982	416.2564329	67.4187535	0.5	183.9879531	789.4518555	205.7359381	356.2941314	133.6569021	232.6413024
20	112.7166994	233.7597702	237.985093	146.4571447	731.9129009	161.1215003	134.216136	129.6801277	141.9832735	617.7670482	337.8394127	230.8393265	731.7264896	276.8207805	246.3736015	790.8188717	565.1369245	147.264927	183.9879531	0.5	867.9931499	107.0622233	434.8354258	91.7143596	311.1825968
21	781.684718	776.0302419	663.3135425	824.4971799	153.7271854	807.2230661	740.052861	840.6528259	900.1180306	379.0984471	975.3039216	861.4066173	139.3113782	868.4281096	883.8381104	130.7364584	414.0194973	730.6080218	789.4518555	867.9931499	0.5	984.1273898	442.4782891	912.0483538	572.282691
22	219.343963	255.5077552	352.8144538	168.2051297	846.6801246	182.8694853	256.5640859	151.4281127	141.051217	671.702051	341.0705419	234.0704557	846.4937133	280.0519097	249.6047307	905.5860954	622.0545081	262.0321507	205.7359381	107.0622233	984.1273898	0.5	552.2124077	90.1609321	428.5595787
23	348.5269939	342.8725178	602.9784184	391.3394558	305.093161	374.065342	306.8951369	407.4329647	466.9603065	190.9473083	139.8706121	428.2488932	304.9067497	481.0654282	450.6182492	363.9991318	161.9914197	297.3881606	356.2941314	434.8354258	442.4782891	552.2124077	0.5	480.1955088	140.429846
24	186.4734371	183.4908563	280.7354178	96.1260937	774.6010886	110.7904493	184.4850499	79.3490767	59.2787934	599.623015	259.2981183	152.235895	774.4768144	99.2329487	167.8323071	833.5691965	549.9754721	190.0152518	133.6569021	91.7143596	912.0483538	90.1609321	480.1955088	0.5	354.8649781
25	201.5727524	219.2196888	106.5029894	267.6866268	434.8354258	250.412513	183.2423079	283.7801357	343.3074775	320.7517102	418.4312314	304.5960642	434.7111516	357.4125992	349.3347762	493.8035337	268.1215865	173.7353316	232.6413024	311.1825968	572.282691	428.5595787	140.429846	354.8649781	0.5
;

# Demand of each city i in Quarter q
param D: 1		2		3		4:=
1	2375.565	3959.275	3167.42		6334.84
2	2386.725	3977.875	3182.3		6364.6
3	2485.245	4142.075	3313.66		6627.32
4	2579.16		4298.6		3438.88		6877.76
5	2721.705	4536.175	3628.94		7257.88
6	2779.095	4631.825	3705.46		7410.92
7	2899.875	4833.125	3866.5		7733
8	2935.305	4892.175	3913.74		7827.48
9	2951.175	4918.625	3934.9		7869.8
10	2974.245	4957.075	3965.66		7931.32
11	3065.07		5108.45		4086.76		8173.52
12	3156.6		5261		4208.8		8417.6
13	3514.395	5857.325	4685.86		9371.72
14	3859.125	6431.875	5145.5		10291
15	3919.815	6533.025	5226.42		10452.84
16	4674.3		7790.5		6232.4		12464.8
17	4850.55		8084.25		6467.4		12934.8
18	5714.22		9523.7		7618.96		15237.92
19	5838.915	9731.525	7785.22		15570.44
20	8701.455	14502.425	11601.94	23203.88
21	10026.075	16710.125	13368.1		26736.2
22	13237.845	22063.075	17650.46	35300.92
23	14492.16	24153.6		19322.88	38645.76
24	20492.7		34154.5		27323.6		54647.2
25	43092		71820		57456		114912
;

# Produced units limit for production facility in city i in quarter q
param U: 1		2		3		4:=
1	86673.8775	86673.8775	57782.585	92452.136
2	86668.2975	86668.2975	57778.865	92446.184
3	86619.0375	86619.0375	57746.025	92393.64
4	86572.08	86572.08	57714.72	92343.552
5	86500.8075	86500.8075	57667.205	92267.528
6	86472.1125	86472.1125	57648.075	92236.92
7	86411.7225	86411.7225	57607.815	92172.504
8	86394.0075	86394.0075	57596.005	92153.608
9	86386.0725	86386.0725	57590.715	92145.144
10	86374.5375	86374.5375	57583.025	92132.84
11	86329.125	86329.125	57552.75	92084.4
12	86283.36	86283.36	57522.24	92035.584
13	86104.4625	86104.4625	57402.975	91844.76
14	85932.0975	85932.0975	57288.065	91660.904
15	85901.7525	85901.7525	57267.835	91628.536
16	85524.51	85524.51	57016.34	91226.144
17	85436.385	85436.385	56957.59	91132.144
18	85004.55	85004.55	56669.7		90671.52
19	84942.2025	84942.2025	56628.135	90605.016
20	83510.9325	83510.9325	55673.955	89078.328
21	82848.6225	82848.6225	55232.415	88371.864
22	81242.7375	81242.7375	54161.825	86658.92
23	80615.58	80615.58	53743.72	85989.952
24	77615.31	77615.31	51743.54	82789.664
25	66315.66	66315.66	44210.44	70736.704
;

#Contract cost for production facility in city i
param ccp :=
1	5199.676
2	5501.725
3	5684.099
4	5816.316
5	5922.497
6	6009.38
7	6084.633
8	6149.479
9	6206.175
10	6256.687
11	6303.242
12	6346.48
13	6390.042
14	6433.325
15	6473.274
16	6516.557
17	6557.33
18	6600.916
19	6641.349
20	6695.38
21	6750.296
22	6813.565
23	6873.664
24	6946.555
25	7068.738
;

# Cost per unit produced in quarter q
param cp := 
1 .75
2 1.0
3 1.0
4 1.5
;

# Cost per unit warehoused at the end of quarter q
param cw := 
1 .5
2 .5
3 .75
4 .10
;
